 metabolite_name	BCP01	BCP02	BCP03	BCP04	BCP05	BCP06	BCP07	BCP08	BCP09	BCP10	BCP11	BCP12	BCP13	BCP14	BCP15	BCP16	BCP17	BCP18	BCP19	BCP20	BCP21	BCP22	BCP23	BCP24	BCP25	BCP26	BCP27	BCP28	BCP29	CP01	CP02	CP03	CP04	CP05	CP06	CP07	CP08	CP09	CP10	CP11	CP12	CP13	CP14	CP15	CP16	CP17	CP18	CP19	CP20	CP21	CP22	CP23	CP24	CP25	CP26	CP27	CP28	CP29
palmitoleic acid	0.00241	0.00213	0.00364	0.00212	0.00175	0.00355	0.00634	0.00244	0.00258	0.00140	0.00430	0.00187	0.00259	0.00203	0.00189	0.00353	0.00257	0.00145	0.00303	0.00204	0.00324	0.00206	0.00156	0.00464	0.00340	0.00250	0.00125	0.00246	0.00113	0.00365	0.00110	0.00139	0.00153	0.00201	0.00094	0.00094	0.00251	0.00151	0.00268	0.00257	0.00164	0.00049	0.00164	0.00084	0.00064	0.00228	0.00140	0.00090	0.00092	0.00139	0.00147	0.00186	0.00165	0.00160	0.00213	0.00222	0.00220	0.00225
pipecolic acid	0.00062	0.00069	0.00105	0.00101	0.00100	0.00050	0.00049	0.00154	0.00301	0.00051	0.00117	0.00072	0.00201	0.00502	0.00226	0.00118	0.00066	0.00167	0.00467	0.00124	0.00090	0.00098	0.00090	0.00175	0.00062	0.00054	0.00104	0.00053	0.00056	0.00179	0.00067	0.00081	0.00105	0.00042	0.00163	0.00064	0.00069	0.00049	0.00027	0.00018	0.00014	0.00024	0.00012	0.00068	0.00033	0.00072	0.00094	0.00141	0.00106	0.00146	0.00164	0.00165	0.00150	0.00164	0.00179	0.00174	0.00194	0.00158
oleic acid	0.02437	0.02469	0.03456	0.01933	0.01605	0.02900	0.05279	0.01652	0.02446	0.01899	0.03165	0.02402	0.01831	0.02348	0.02169	0.03474	0.02601	0.02435	0.03451	0.02374	0.03658	0.02803	0.01850	0.03586	0.03456	0.02312	0.01076	0.03135	0.01739	0.03179	0.01328	0.01721	0.01861	0.02952	0.01310	0.01388	0.02570	0.01721	0.02684	0.02711	0.01766	0.00829	0.01551	0.00964	0.00914	0.02515	0.01568	0.00972	0.01793	0.01905	0.02078	0.02131	0.02161	0.02190	0.02417	0.02474	0.02435	0.02881
2-hydroxybutyric acid	0.00876	0.01033	0.01575	0.01626	0.01278	0.00654	0.01583	0.01015	0.01302	0.01220	0.01738	0.01986	0.01682	0.00998	0.01038	0.01736	0.01676	0.01252	0.01322	0.01113	0.01155	0.01316	0.01263	0.01623	0.00920	0.00685	0.00670	0.00579	0.01492	0.00637	0.01115	0.00835	0.01446	0.00959	0.01336	0.00940	0.01180	0.00728	0.00689	0.00645	0.01804	0.01160	0.01203	0.00635	0.01231	0.01506	0.01058	0.00720	0.01356	0.01173	0.01131	0.01190	0.01159	0.01151	0.01175	0.01309	0.01252	0.01224
linoleic acid	0.00662	0.00822	0.00894	0.00682	0.00630	0.00681	0.01400	0.00566	0.00868	0.00589	0.00936	0.00910	0.00598	0.00914	0.00711	0.00921	0.00774	0.00673	0.01420	0.00765	0.01014	0.00572	0.00638	0.00794	0.01097	0.00632	0.00416	0.01143	0.00583	0.01165	0.00505	0.00433	0.00518	0.00976	0.00447	0.00539	0.00748	0.00514	0.00859	0.00759	0.00629	0.00183	0.00424	0.00370	0.00373	0.00541	0.00570	0.00304	0.00681	0.00405	0.00630	0.00674	0.00659	0.00716	0.00739	0.00718	0.00756	0.01045
palmitic acid	0.05770	0.05087	0.06609	0.05267	0.04346	0.05884	0.07694	0.06804	0.06610	0.05939	0.08750	0.07462	0.05770	0.06813	0.06014	0.06377	0.04976	0.04901	0.05622	0.05311	0.07812	0.05884	0.05855	0.06196	0.06938	0.05097	0.05037	0.07133	0.06354	0.05819	0.04057	0.04372	0.04785	0.07173	0.04332	0.04637	0.05685	0.04297	0.07053	0.06206	0.06778	0.03729	0.05267	0.04990	0.03439	0.04349	0.04024	0.02827	0.04637	0.03765	0.04247	0.04717	0.04770	0.04912	0.04785	0.04699	0.04793	0.08564
trans-4-hydroxy-L-proline	0.00239	0.00614	0.00227	0.00262	0.01045	0.00406	0.00163	0.00329	0.00262	0.00073	0.00243	0.00208	0.00705	0.00315	0.00664	0.00415	0.00355	0.00405	0.00286	0.00192	0.00235	0.00297	0.00628	0.00371	0.00137	0.00125	0.00208	0.00201	0.00151	0.00514	0.00178	0.00375	0.00228	0.00112	0.00181	0.00175	0.00937	0.00151	0.00102	0.00111	0.00060	0.00038	0.00063	0.00273	0.00551	0.00119	0.00125	0.00266	0.00616	0.00320	0.00351	0.00362	0.00338	0.00343	0.00422	0.00420	0.00414	0.00354
acetoacetate	0.02707	0.02714	0.03055	0.02521	0.02840	0.02480	0.02825	0.02832	0.02529	0.02683	0.02873	0.02945	0.02611	0.02708	0.02417	0.02238	0.02600	0.02673	0.02684	0.02881	0.02871	0.02839	0.02765	0.02158	0.02991	0.02951	0.02818	0.03238	0.02750	0.02967	0.02787	0.03071	0.02603	0.02950	0.02837	0.03080	0.02863	0.02934	0.02962	0.02710	0.03124	0.02552	0.02587	0.02965	0.02458	0.02667	0.02793	0.02993	0.02806	0.02664	0.02540	0.02491	0.02596	0.02384	0.02765	0.02837	0.02625	0.02654
2-ketoisocaproic acid _R1	0.00487	0.00469	0.00502	0.00487	0.00464	0.00418	0.00459	0.00478	0.00446	0.00467	0.00542	0.00526	0.00462	0.00476	0.00466	0.00407	0.00469	0.00485	0.00472	0.00493	0.00503	0.00508	0.00462	0.00405	0.00488	0.00487	0.00502	0.00519	0.00504	0.00477	0.00464	0.00525	0.00479	0.00519	0.00498	0.00506	0.00509	0.00500	0.00500	0.00491	0.00494	0.00504	0.00500	0.00491	0.00442	0.00481	0.00475	0.00517	0.00468	0.00458	0.00452	0.00471	0.00454	0.00477	0.00497	0.00490	0.00511	0.00466
DL-glyceraldehyde	0.00115	0.00158	0.00129	0.00099	0.00164	0.00139	0.00066	0.00115	0.00129	0.00112	0.00111	0.00123	0.00240	0.00078	0.00202	0.00072	0.00127	0.00166	0.00063	0.00095	0.00132	0.00162	0.00161	0.00103	0.00121	0.00080	0.00052	0.00091	0.00091	0.00132	0.00129	0.00125	0.00138	0.00083	0.00137	0.00155	0.00146	0.00054	0.00069	0.00022	0.00117	0.00037	0.00011	0.00034	0.00041	0.00136	0.00077	0.00063	0.00205	0.00137	0.00142	0.00140	0.00123	0.00133	0.00166	0.00157	0.00153	0.00151
Aminomalonic acid	0.00159	0.00113	0.00029	0.00336	0.00769	0.00112	0.00806	0.00167	0.00155	0.00115	0.00192	0.00269	0.00425	0.00630	0.00378	0.00337	0.00222	0.00192	0.00210	0.00197	0.00185	0.00164	0.00387	0.00256	0.00946	0.01230	0.00205	0.00284	0.00644	0.00279	0.00846	0.00468	0.00260	0.00387	0.00131	0.00996	0.00873	0.00677	0.00348	0.00357	0.00282	0.00192	0.00244	0.00317	0.00098	0.00223	0.00616	0.00433	0.00189	0.00099	0.00105	0.00115	0.00105	0.00105	0.00133	0.00134	0.00136	0.00118
pyruvic acid	0.01361	0.00443	0.01415	0.01070	0.01339	0.01090	0.01176	0.01062	0.01433	0.00775	0.01263	0.00946	0.00915	0.00617	0.00939	0.01583	0.01247	0.00934	0.02264	0.00932	0.00855	0.01847	0.01074	0.02519	0.01131	0.02325	0.00828	0.01029	0.01289	0.01140	0.01767	0.02238	0.01879	0.01973	0.01267	0.00972	0.02064	0.02419	0.01290	0.01350	0.02123	0.01461	0.01494	0.01473	0.02323	0.01264	0.00813	0.00956	0.01794	0.01215	0.01230	0.01261	0.01228	0.01258	0.01315	0.01421	0.01286	0.01315
Arachidonic acid	0.00054	0.00059	0.00061	0.00050	0.00053	0.00069	0.00064	0.00069	0.00073	0.00063	0.00076	0.00069	0.00059	0.00076	0.00049	0.00081	0.00076	0.00036	0.00086	0.00051	0.00084	0.00040	0.00079	0.00057	0.00060	0.00039	0.00052	0.00059	0.00091	0.00037	0.00081	0.00032	0.00038	0.00074	0.00042	0.00080	0.00051	0.00053	0.00054	0.00019	0.00084	0.00020	0.00024	0.00055	0.00066	0.00038	0.00077	0.00038	0.00034	0.00034	0.00034	0.00049	0.00051	0.00054	0.00063	0.00057	0.00054	0.00068
L-valine	0.06922	0.09433	0.07024	0.05764	0.09849	0.08568	0.03302	0.06821	0.07648	0.07044	0.08344	0.08037	0.14471	0.04266	0.11961	0.04492	0.07992	0.10880	0.03865	0.05415	0.07605	0.10783	0.09175	0.06347	0.06969	0.04480	0.02589	0.05673	0.06743	0.08346	0.06612	0.07813	0.09218	0.04834	0.08034	0.09061	0.09544	0.03437	0.05203	0.03122	0.08750	0.02889	0.02231	0.03811	0.03369	0.08234	0.04384	0.04042	0.12397	0.07966	0.08369	0.08651	0.08240	0.08283	0.08897	0.09056	0.08933	0.08487
DL-isoleucine	0.02691	0.02618	0.02202	0.01701	0.02880	0.02743	0.01036	0.02168	0.02726	0.02501	0.02850	0.02825	0.04951	0.01649	0.03227	0.01446	0.02732	0.02972	0.01416	0.02083	0.02657	0.02980	0.02990	0.02062	0.02084	0.01593	0.01050	0.01853	0.02489	0.02667	0.01721	0.02581	0.03022	0.01561	0.02781	0.02573	0.02989	0.01525	0.02079	0.01875	0.03299	0.01171	0.00906	0.01570	0.00751	0.02723	0.01271	0.01513	0.03998	0.02459	0.02518	0.02621	0.02495	0.02528	0.02830	0.02892	0.02832	0.02624
malonic acid	0.00005	0.00044	0.00133	0.00017	0.00405	0.00019	0.00262	0.00004	0.00008	0.00013	0.00013	0.00316	0.00703	0.00110	0.00060	0.00022	0.00004	0.00289	0.00006	0.00204	0.00024	0.00104	0.00520	0.00137	0.00027	0.00387	0.00014	0.00005	0.00006	0.00062	0.00173	0.00010	0.00011	0.00017	0.00090	0.00020	0.00003	0.00004	0.00009	0.00007	0.00007	0.00008	0.00002	0.00109	0.00003	0.00292	0.00575	0.00005	0.00060	0.00040	0.00037	0.00047	0.00046	0.00054	0.00073	0.00082	0.00052	0.00066
L-alanine	0.03374	0.08532	0.06200	0.03627	0.10267	0.06438	0.03444	0.04159	0.04433	0.03246	0.04473	0.06408	0.13238	0.06597	0.12772	0.05676	0.04206	0.10057	0.02186	0.06430	0.03692	0.11613	0.11711	0.03343	0.05969	0.05741	0.02018	0.02440	0.04982	0.13217	0.09321	0.04902	0.03491	0.05554	0.10048	0.03822	0.03331	0.02639	0.02692	0.01776	0.07019	0.01460	0.01098	0.03547	0.02075	0.08975	0.04200	0.02925	0.16238	0.08530	0.09411	0.09846	0.09308	0.09298	0.10208	0.10449	0.10208	0.09392
(R)-3-Hydroxybutyric acid	0.00124	0.00105	0.00195	0.00110	0.00184	0.00069	0.00144	0.00143	0.00091	0.00075	0.00161	0.00127	0.00143	0.00187	0.00142	0.00136	0.00112	0.00136	0.00114	0.00124	0.00195	0.00172	0.00163	0.00170	0.00105	0.00090	0.00121	0.00064	0.00108	0.00121	0.00094	0.00091	0.00093	0.00114	0.00141	0.00140	0.00136	0.00168	0.00114	0.00116	0.00187	0.00100	0.00105	0.00100	0.00125	0.00098	0.00136	0.00114	0.00190	0.00118	0.00136	0.00126	0.00116	0.00115	0.00133	0.00134	0.00142	0.00118
myristic acid	0.00443	0.00266	0.00503	0.00391	0.00316	0.00318	0.00613	0.00425	0.00326	0.00360	0.00664	0.00478	0.00404	0.00338	0.00924	0.00417	0.00337	0.00310	0.00400	0.00326	0.00482	0.00415	0.00804	0.00538	0.00518	0.00426	0.00337	0.00396	0.00448	0.00476	0.00276	0.00389	0.00368	0.00426	0.00243	0.00327	0.00463	0.00313	0.00439	0.00406	0.00315	0.00244	0.00379	0.00313	0.00327	0.00385	0.00323	0.00416	0.00408	0.00250	0.00268	0.00272	0.00256	0.00280	0.00326	0.00327	0.00355	0.00330
L-glutamic acid	0.00136	0.00134	0.00129	0.00115	0.00290	0.00196	0.00139	0.00196	0.00099	0.00104	0.00161	0.00257	0.00219	0.00113	0.00144	0.00123	0.00103	0.00178	0.00141	0.00119	0.00059	0.00696	0.00184	0.00309	0.00372	0.00231	0.00061	0.00214	0.00172	0.00063	0.00205	0.00328	0.00404	0.00165	0.00094	0.00088	0.00140	0.00052	0.00101	0.00104	0.00096	0.00010	0.00091	0.00120	0.00050	0.00108	0.00041	0.00079	0.00370	0.00080	0.00096	0.00097	0.00094	0.00088	0.00145	0.00139	0.00140	0.00107
glycerol	0.03849	0.02290	0.03367	0.02528	0.03702	0.02356	0.05023	0.02426	0.02765	0.02302	0.05286	0.03650	0.02742	0.02994	0.05159	0.04057	0.03768	0.03505	0.04324	0.02156	0.03391	0.03571	0.04437	0.04466	0.03275	0.04334	0.03396	0.02780	0.04028	0.05602	0.03003	0.02876	0.03052	0.03770	0.02334	0.01769	0.02571	0.02561	0.03444	0.03394	0.02769	0.02539	0.02602	0.01810	0.02095	0.03369	0.02308	0.02691	0.02437	0.02882	0.02814	0.03002	0.02895	0.02926	0.03045	0.03078	0.03155	0.02974
1-Monomyristin	0.03315	0.02460	0.02783	0.02816	0.02728	0.02565	0.03682	0.02104	0.02707	0.02579	0.03358	0.03271	0.03360	0.02828	0.03204	0.02619	0.02606	0.02537	0.02326	0.03001	0.03216	0.03088	0.03089	0.02653	0.03034	0.03542	0.03798	0.04116	0.02810	0.04151	0.02018	0.02585	0.03124	0.03670	0.02488	0.02753	0.03922	0.04478	0.03299	0.03294	0.04119	0.02317	0.03312	0.01329	0.03610	0.04033	0.02550	0.03771	0.02520	0.02180	0.02399	0.02409	0.02447	0.02436	0.02888	0.03117	0.03042	0.02802
fumaric acid	0.00274	0.00303	0.00163	0.00253	0.00218	0.00249	0.00215	0.00301	0.00134	0.00212	0.00371	0.00279	0.00266	0.00164	0.00234	0.00158	0.00215	0.00283	0.00227	0.00285	0.00321	0.00292	0.00311	0.00233	0.00180	0.00176	0.00118	0.00297	0.00162	0.00290	0.00190	0.00221	0.00248	0.00214	0.00205	0.00209	0.00321	0.00153	0.00284	0.00257	0.00186	0.00243	0.00299	0.00113	0.00054	0.00232	0.00149	0.00201	0.00339	0.00251	0.00239	0.00252	0.00237	0.00244	0.00278	0.00272	0.00262	0.00242
Glycine, N-(trimethylsilyl)-, trimethylsilyl ester	0.00874	0.02710	0.01332	0.00636	0.04578	0.01049	0.00842	0.00695	0.01250	0.00640	0.00609	0.01426	0.02050	0.03109	0.04007	0.00722	0.00826	0.02252	0.00095	0.01198	0.00970	0.04667	0.02363	0.00514	0.01675	0.02081	0.00177	0.01139	0.00598	0.04730	0.02765	0.00857	0.00597	0.00532	0.02167	0.01692	0.01801	0.00188	0.00679	0.00122	0.01170	0.00048	0.00039	0.00248	0.00228	0.01089	0.02022	0.00242	0.04152	0.02376	0.02534	0.02774	0.02463	0.02487	0.02596	0.02696	0.02597	0.02271
N-methylalanine	0.00760	0.01184	0.00945	0.00716	0.01201	0.00800	0.00803	0.00768	0.00867	0.00858	0.00829	0.01130	0.01332	0.00802	0.01290	0.00860	0.00684	0.01452	0.00626	0.00892	0.00894	0.01124	0.01128	0.00565	0.00907	0.01103	0.00662	0.00723	0.00823	0.01138	0.01139	0.00701	0.00889	0.00726	0.01277	0.00840	0.00747	0.00640	0.00694	0.00648	0.01124	0.00653	0.00666	0.00670	0.00612	0.01132	0.00846	0.00663	0.01136	0.01121	0.01090	0.01181	0.01110	0.01126	0.01217	0.01265	0.01272	0.01176
urea	1.74108	1.44962	1.38914	2.05232	1.56633	1.51394	2.52165	1.50053	1.73859	2.14561	1.43138	1.27513	2.36863	0.93039	2.59736	1.54887	1.25460	3.36290	2.12683	1.39438	1.86965	1.98452	2.96019	2.22122	1.30226	1.21077	1.54257	1.48669	2.03065	0.87681	1.87081	2.03092	2.19829	2.04159	1.40297	1.78783	1.98475	1.31724	1.21218	1.14301	1.64459	1.83146	1.96296	1.32271	2.79485	1.93881	1.09186	1.48312	1.36671	1.72373	1.75387	1.80362	1.74846	1.76607	1.85414	1.88604	1.88280	1.80706
L-proline	0.09653	0.05780	0.06036	0.03577	0.09368	0.05089	0.02732	0.04133	0.06599	0.03085	0.03453	0.05789	0.08253	0.04144	0.30668	0.05165	0.05678	0.07377	0.04226	0.05458	0.05814	0.07576	0.11135	0.06939	0.04534	0.04909	0.02099	0.04287	0.05264	0.07893	0.06489	0.07157	0.07315	0.04551	0.06060	0.05396	0.08349	0.02765	0.03536	0.03387	0.06950	0.01603	0.00993	0.01871	0.01240	0.09062	0.03647	0.03741	0.10147	0.07626	0.07942	0.08271	0.07763	0.07865	0.08657	0.08791	0.08686	0.08166
1-Monopalmitin trimethylsilyl ether	0.97472	0.77998	0.78504	0.82028	0.78693	0.78369	1.23021	0.68449	0.79208	0.78997	0.79044	0.95331	0.86575	0.90142	1.09649	0.81235	0.78857	0.95045	0.75051	0.88484	0.82045	0.87483	0.97107	0.78577	0.80714	1.12579	0.97222	0.98256	0.90801	1.30484	0.79461	0.81990	1.05070	0.89358	0.93478	0.74135	0.97030	1.00777	0.85519	0.84545	1.01809	0.67851	0.83750	0.47234	0.81053	0.98769	0.78197	0.84645	0.91787	0.75467	0.77223	0.76450	0.77309	0.78097	0.82393	0.85103	0.84269	0.81643
L-leucine	0.06674	0.07235	0.05964	0.04428	0.07007	0.06144	0.02498	0.05581	0.05896	0.05776	0.05847	0.06393	0.09914	0.02875	0.07436	0.03615	0.06115	0.07598	0.02840	0.04948	0.06703	0.07713	0.06822	0.04878	0.05640	0.03879	0.02323	0.04799	0.05374	0.06573	0.04990	0.07275	0.08127	0.03824	0.06704	0.06368	0.07295	0.03522	0.04676	0.04035	0.08056	0.02701	0.01943	0.03256	0.01685	0.06767	0.02798	0.03528	0.10306	0.05912	0.06221	0.06372	0.06100	0.06217	0.06783	0.06914	0.06943	0.06460
stearic acid	0.02372	0.01820	0.02115	0.02465	0.01701	0.02096	0.02628	0.02565	0.02738	0.02596	0.03449	0.03086	0.02432	0.02650	0.02590	0.02113	0.01803	0.01909	0.02116	0.02175	0.03206	0.02282	0.02599	0.02067	0.02544	0.01909	0.02947	0.02928	0.02774	0.02213	0.01712	0.01954	0.02090	0.02709	0.01723	0.02115	0.02613	0.01770	0.02812	0.02589	0.02827	0.01820	0.02382	0.02402	0.01774	0.01720	0.01889	0.01388	0.01857	0.02749	0.01777	0.01766	0.01698	0.01689	0.01806	0.01726	0.01741	0.02865
2-Hydroxyvaleric acid	0.00213	0.00166	0.00343	0.00169	0.00277	0.00092	0.00194	0.00246	0.00144	0.00120	0.00247	0.00226	0.00203	0.00263	0.00235	0.00230	0.00182	0.00237	0.00188	0.00190	0.00321	0.00266	0.00272	0.00260	0.00171	0.00156	0.00199	0.00103	0.00181	0.00199	0.00147	0.00162	0.00148	0.00172	0.00214	0.00224	0.00219	0.00267	0.00198	0.00189	0.00319	0.00170	0.00174	0.00163	0.00224	0.00172	0.00216	0.00213	0.00317	0.00199	0.00209	0.00217	0.00197	0.00208	0.00221	0.00219	0.00213	0.00210
tyrosine	0.01650	0.01567	0.01443	0.01310	0.01674	0.01874	0.00779	0.01699	0.01923	0.01312	0.01988	0.01975	0.03081	0.01317	0.01989	0.01321	0.01984	0.02912	0.00891	0.01557	0.02776	0.02411	0.01718	0.02024	0.02038	0.01538	0.00446	0.01989	0.01872	0.01956	0.01616	0.02771	0.02702	0.01757	0.01555	0.01778	0.02549	0.01072	0.01697	0.00144	0.01632	0.00624	0.00055	0.01774	0.00808	0.00753	0.01129	0.00397	0.02284	0.01151	0.01321	0.01350	0.01302	0.01311	0.01820	0.01961	0.01995	0.01738
iminodiacetic acid 	0.00321	0.00380	0.00687	0.00361	0.00476	0.00291	0.00351	0.00503	0.00656	0.00452	0.00799	0.00435	0.00700	0.00562	0.00919	0.00563	0.00763	0.00793	0.00472	0.00514	0.00583	0.01163	0.00354	0.00396	0.00073	0.00336	0.00233	0.00658	0.00745	0.01237	0.00423	0.01167	0.00817	0.00520	0.00820	0.00080	0.00832	0.00421	0.00531	0.00349	0.00693	0.00231	0.00245	0.00709	0.00753	0.00271	0.00241	0.00235	0.00624	0.00567	0.00509	0.00530	0.00492	0.00486	0.00545	0.00563	0.00581	0.00543
glycine	0.00545	0.00456	0.00225	0.00476	0.01203	0.00389	0.00442	0.00302	0.00956	0.00446	0.00358	0.00269	0.01158	0.00619	0.02655	0.00584	0.00931	0.00731	0.00495	0.00304	0.00740	0.01110	0.00775	0.00576	0.01425	0.00537	0.00317	0.01318	0.00511	0.01274	0.00826	0.01566	0.00989	0.00597	0.00490	0.01085	0.02433	0.00944	0.00560	0.00527	0.01322	0.00254	0.00281	0.00792	0.00508	0.00489	0.01085	0.00323	0.00808	0.00508	0.00515	0.00541	0.00518	0.00514	0.00576	0.00571	0.00575	0.00543
L-methionine	0.00428	0.00268	0.00253	0.00382	0.00393	0.00245	0.00163	0.00374	0.00515	0.00296	0.00399	0.00305	0.00704	0.00222	0.00747	0.00242	0.00445	0.00521	0.00156	0.00308	0.00402	0.00458	0.00337	0.00392	0.00332	0.00322	0.00191	0.00356	0.00249	0.00604	0.00240	0.00620	0.00510	0.00292	0.00384	0.00390	0.00527	0.00225	0.00274	0.00301	0.00151	0.00058	0.00092	0.00313	0.00196	0.00376	0.00238	0.00251	0.00523	0.00295	0.00342	0.00352	0.00331	0.00334	0.00424	0.00449	0.00437	0.00363
Cetohexoses	1.23506	1.32898	1.76716	0.90475	0.95459	0.95992	0.58336	1.09139	1.46659	1.28553	1.45621	1.01099	1.58417	0.99878	1.93922	0.71611	1.46235	1.69944	1.07323	1.17616	1.30159	1.74341	1.43278	1.27220	0.97312	0.71259	0.56646	1.24427	0.91579	1.98431	1.19706	1.62620	1.64951	1.08536	1.28618	1.15884	1.29396	0.87370	1.20285	1.20905	1.73692	0.93918	0.97350	0.59431	0.78335	1.32382	0.91439	0.58015	1.82195	1.48381	1.49842	1.51686	1.49407	1.51424	1.51856	1.54017	1.53901	1.49984
alpha tocophereol	0.00449	0.00264	0.00192	0.00296	0.00275	0.00144	0.00171	0.00604	0.00372	0.00383	0.00675	0.00341	0.00372	0.00745	0.00261	0.00330	0.00260	0.00156	0.00297	0.00228	0.00533	0.00362	0.00155	0.00163	0.00384	0.00296	0.00353	0.00606	0.00549	0.00288	0.00187	0.00239	0.00281	0.00289	0.00221	0.00332	0.00333	0.00327	0.00389	0.00402	0.00398	0.00622	0.00737	0.00295	0.00327	0.00314	0.00202	0.00493	0.00281	0.00117	0.00128	0.00151	0.00150	0.00141	0.00183	0.00196	0.00207	0.00179
C Methyl Eicosanoate	0.01079	0.00800	0.01005	0.01094	0.01035	0.00894	0.00984	0.01098	0.01089	0.01088	0.01133	0.01188	0.01103	0.00990	0.00910	0.00997	0.01040	0.00868	0.00999	0.01059	0.01114	0.01031	0.00900	0.01069	0.01083	0.01085	0.01072	0.01103	0.01023	0.01003	0.00908	0.01086	0.01079	0.01108	0.00925	0.01027	0.01108	0.01066	0.01118	0.01127	0.00955	0.01085	0.01146	0.01123	0.01082	0.00993	0.01027	0.01023	0.01005	0.00734	0.00773	0.00800	0.00754	0.00759	0.00972	0.01018	0.01046	0.00937
glycolic acid	0.00160	0.00320	0.00267	0.00211	0.00330	0.00145	0.00475	0.00297	0.00271	0.00250	0.00424	0.00382	0.00399	0.00363	0.00625	0.00476	0.00321	0.00458	0.00436	0.00349	0.00325	0.00338	0.00432	0.00215	0.00170	0.00265	0.00213	0.00299	0.00390	0.00487	0.00331	0.00390	0.00379	0.00333	0.00433	0.00203	0.00474	0.00336	0.00292	0.00303	0.00330	0.00312	0.00311	0.00308	0.00427	0.00247	0.00164	0.00206	0.00281	0.00308	0.00373	0.00339	0.00296	0.00326	0.00329	0.00338	0.00336	0.00365
Bis(trimethylsilyl)monostearin	0.63540	0.46554	0.53854	0.56379	0.52114	0.49565	0.85413	0.49340	0.55425	0.57789	0.57600	0.72970	0.58474	0.58969	0.75666	0.56029	0.54364	0.61398	0.54336	0.58880	0.57215	0.58001	0.67441	0.52350	0.55070	0.80571	0.68095	0.65434	0.65344	0.91717	0.50796	0.58564	0.70438	0.60700	0.60244	0.49429	0.65964	0.64333	0.58091	0.56999	0.65870	0.42283	0.56433	0.37053	0.56024	0.61671	0.52977	0.55287	0.59452	0.45754	0.48298	0.47517	0.47858	0.48720	0.53549	0.56345	0.55731	0.51938
Purine riboside	0.00020	0.00035	0.00022	0.00053	0.00043	0.00043	0.00019	0.00022	0.00005	0.00005	0.00018	0.00117	0.00079	0.00011	0.00018	0.00033	0.00035	0.00006	0.00041	0.00031	0.00023	0.00013	0.00017	0.00054	0.00093	0.00035	0.00047	0.00013	0.00033	0.00018	0.00017	0.00022	0.00028	0.00058	0.00017	0.00016	0.00021	0.00026	0.00040	0.00002	0.00003	0.00006	0.00004	0.00039	0.00036	0.00014	0.00066	0.00009	0.00008	0.00023	0.00025	0.00013	0.00026	0.00022	0.00026	0.00029	0.00023	0.00024
L-threonine	0.00978	0.01028	0.00397	0.01147	0.01005	0.00840	0.00407	0.01049	0.01170	0.01266	0.01843	0.00753	0.02202	0.00662	0.03412	0.00814	0.01132	0.01493	0.00523	0.00616	0.00771	0.01143	0.01034	0.01071	0.00863	0.00859	0.00492	0.00773	0.00660	0.01385	0.00777	0.01480	0.01160	0.00703	0.01322	0.01068	0.01607	0.00708	0.00984	0.00937	0.01237	0.00524	0.00554	0.00568	0.00594	0.01112	0.00828	0.00586	0.01620	0.00976	0.01014	0.01086	0.01007	0.01063	0.01170	0.01230	0.01243	0.01076
Aldohexoses	0.00853	0.00894	0.00523	0.02817	0.01179	0.00589	0.01043	0.01042	0.02058	0.00953	0.01176	0.00982	0.01725	0.00899	0.02301	0.02761	0.00969	0.01318	0.01951	0.01296	0.02004	0.00742	0.01717	0.01868	0.02515	0.01303	0.01078	0.01062	0.02432	0.01199	0.00888	0.01942	0.02894	0.01727	0.00984	0.04324	0.01754	0.01483	0.00958	0.01074	0.00844	0.01815	0.01801	0.01337	0.00678	0.01830	0.01019	0.00974	0.01577	0.00955	0.01036	0.01067	0.01014	0.01041	0.01117	0.01113	0.01170	0.01029
Creatinine	0.01048	0.00596	0.00573	0.00878	0.01070	0.00696	0.00694	0.00795	0.00670	0.00649	0.00800	0.00541	0.01177	0.00534	0.00821	0.00651	0.00658	0.00871	0.00704	0.00704	0.00667	0.01080	0.00839	0.01210	0.00647	0.00740	0.00513	0.00605	0.00620	0.00710	0.01050	0.00903	0.00974	0.00686	0.00937	0.00795	0.01124	0.01024	0.00976	0.00896	0.00418	0.00469	0.00530	0.00256	0.00496	0.00695	0.00742	0.00519	0.00757	0.00836	0.00859	0.00892	0.00869	0.00902	0.00968	0.01031	0.01021	0.00878
threose	0.00233	0.00106	0.00078	0.00177	0.00110	0.00089	0.00055	0.00115	0.00094	0.00108	0.00110	0.00179	0.00265	0.00081	0.00171	0.00129	0.00055	0.00138	0.00144	0.00134	0.00077	0.00093	0.00105	0.00165	0.00243	0.00173	0.00104	0.00136	0.00089	0.00122	0.00091	0.00180	0.00108	0.00289	0.00107	0.00177	0.00200	0.00130	0.00127	0.00129	0.00121	0.00123	0.00122	0.00082	0.00146	0.00185	0.00098	0.00040	0.00126	0.00114	0.00119	0.00112	0.00121	0.00120	0.00139	0.00144	0.00135	0.00125
gluconic acid lactone	0.00355	0.00172	0.00237	0.01578	0.00010	0.00249	0.00202	0.00297	0.00860	0.00032	0.00158	0.00057	0.00476	0.00100	0.00974	0.01710	0.00320	0.00412	0.00099	0.00785	0.00987	0.00177	0.00380	0.00688	0.01197	0.00274	0.00154	0.00284	0.01283	0.00172	0.00308	0.00714	0.01667	0.00395	0.00424	0.02669	0.00491	0.00286	0.00248	0.00296	0.00285	0.00441	0.00494	0.00053	0.00146	0.01007	0.00071	0.00099	0.00315	0.00216	0.00201	0.00209	0.00195	0.00216	0.00222	0.00227	0.00209	0.00235
citric acid	0.00051	0.00158	0.00041	0.00219	0.00283	0.00068	0.00262	0.00110	0.00098	0.00120	0.00356	0.00110	0.00261	0.00249	0.00215	0.00140	0.00165	0.00133	0.00183	0.00144	0.00124	0.00320	0.00271	0.00160	0.00095	0.00451	0.00137	0.00217	0.00596	0.00375	0.00138	0.00195	0.00153	0.00214	0.00154	0.00141	0.00234	0.00174	0.00247	0.00098	0.00128	0.00201	0.00055	0.00229	0.00136	0.00054	0.00201	0.00136	0.00445	0.00051	0.00048	0.00051	0.00047	0.00048	0.00080	0.00085	0.00096	0.00057
p-cresol	0.00355	0.00347	0.00043	0.00336	0.00671	0.02341	0.00203	0.00249	0.01019	0.01356	0.01381	0.00774	0.02287	0.00529	0.00883	0.00356	0.00628	0.00370	0.00325	0.00386	0.00896	0.01426	0.00562	0.00787	0.00227	0.01228	0.00290	0.00775	0.00415	0.00417	0.00654	0.00838	0.01335	0.00555	0.00393	0.00375	0.00464	0.01675	0.00106	0.00102	0.00669	0.00865	0.00936	0.00122	0.00984	0.00953	0.00073	0.00261	0.00819	0.00763	0.00793	0.00803	0.00773	0.00779	0.00839	0.00835	0.00857	0.00852
N-acetyl-D-tryptophan	0.00059	0.00018	0.00059	0.00073	0.00031	0.00059	0.00043	0.00217	0.00018	0.00023	0.00023	0.00042	0.00039	0.00101	0.00026	0.00192	0.00059	0.00008	0.00082	0.00037	0.00040	0.00030	0.00046	0.00051	0.00023	0.00074	0.00046	0.00043	0.00046	0.00050	0.00020	0.00048	0.00037	0.00031	0.00013	0.00022	0.00039	0.00028	0.00201	0.00188	0.00014	0.00042	0.00065	0.00078	0.00018	0.00008	0.00037	0.00037	0.00031	0.00027	0.00033	0.00028	0.00030	0.00037	0.00046	0.00043	0.00047	0.00041
aspartic acid	0.00057	0.00063	0.00042	0.00028	0.00042	0.00027	0.00014	0.00030	0.00044	0.00062	0.00048	0.00036	0.00079	0.00027	0.00092	0.00012	0.00014	0.00076	0.00032	0.00062	0.00026	0.00048	0.00042	0.00034	0.00005	0.00028	0.00030	0.00077	0.00032	0.00087	0.00029	0.00060	0.00028	0.00058	0.00051	0.00005	0.00071	0.00009	0.00045	0.00043	0.00047	0.00011	0.00018	0.00024	0.00024	0.00055	0.00036	0.00013	0.00075	0.00046	0.00044	0.00043	0.00050	0.00046	0.00052	0.00056	0.00055	0.00053
Pyroglutamic acid	0.06537	0.09168	0.03171	0.04044	0.06979	0.05798	0.07430	0.04724	0.08127	0.07324	0.06794	0.04257	0.06726	0.04908	0.10007	0.04790	0.05053	0.10071	0.03775	0.03691	0.04977	0.06464	0.08256	0.04874	0.08703	0.07527	0.06534	0.07146	0.07670	0.13414	0.04700	0.06563	0.06258	0.04783	0.04306	0.08230	0.06768	0.04799	0.06343	0.06590	0.07621	0.02267	0.03853	0.06425	0.06504	0.06662	0.06204	0.07265	0.11079	0.08689	0.08712	0.09156	0.08797	0.08809	0.10163	0.10367	0.10495	0.09124
ribose	0.00043	0.00012	0.00027	0.00044	0.00031	0.00017	0.00019	0.00024	0.00023	0.00027	0.00031	0.00045	0.00053	0.00031	0.00060	0.00044	0.00021	0.00023	0.00038	0.00030	0.00033	0.00040	0.00039	0.00048	0.00041	0.00041	0.00026	0.00026	0.00057	0.00043	0.00021	0.00041	0.00048	0.00039	0.00024	0.00065	0.00044	0.00031	0.00041	0.00039	0.00033	0.00029	0.00034	0.00030	0.00023	0.00050	0.00022	0.00016	0.00036	0.00025	0.00025	0.00028	0.00028	0.00028	0.00033	0.00031	0.00036	0.00026
D-threitol	0.00138	0.00090	0.00108	0.00118	0.00128	0.00121	0.00230	0.00116	0.00111	0.00100	0.00116	0.00132	0.00162	0.00131	0.00192	0.00155	0.00130	0.00113	0.00181	0.00104	0.00166	0.00154	0.00294	0.00146	0.00147	0.00132	0.00127	0.00110	0.00158	0.00118	0.00143	0.00165	0.00157	0.00151	0.00088	0.00134	0.00117	0.00160	0.00163	0.00160	0.00108	0.00136	0.00150	0.00126	0.00119	0.00093	0.00110	0.00123	0.00132	0.00138	0.00136	0.00144	0.00136	0.00137	0.00156	0.00164	0.00166	0.00137
Phenylalanine	0.02005	0.01468	0.01858	0.01423	0.01801	0.01566	0.00733	0.01541	0.01906	0.01319	0.01503	0.01439	0.01879	0.01023	0.02118	0.01173	0.01752	0.02193	0.00922	0.01619	0.02035	0.02069	0.01412	0.01773	0.01511	0.01241	0.00860	0.01737	0.01554	0.02058	0.01339	0.02624	0.02378	0.01242	0.01732	0.01697	0.01954	0.01129	0.01456	0.01349	0.01934	0.00548	0.01179	0.01514	0.00962	0.01747	0.00952	0.01045	0.02457	0.01344	0.01480	0.01611	0.01480	0.01546	0.01842	0.01934	0.01909	0.01620
phosphoric acid	0.09832	0.12047	0.11644	0.13456	0.15938	0.10072	0.16679	0.11278	0.10471	0.13779	0.19219	0.10332	0.15484	0.16254	0.14837	0.13321	0.12266	0.15365	0.10160	0.15056	0.11829	0.18644	0.12998	0.13036	0.04781	0.20982	0.11533	0.15359	0.28608	0.23683	0.13055	0.17421	0.15411	0.13187	0.16645	0.04799	0.15023	0.11471	0.13085	0.08925	0.17427	0.13169	0.10905	0.14585	0.13593	0.10360	0.10650	0.12621	0.17419	0.07522	0.07571	0.07330	0.07064	0.07112	0.08594	0.08536	0.08356	0.07281
sarcosine	0.00267	0.00315	0.00294	0.00256	0.00305	0.00454	0.00469	0.00279	0.00289	0.00235	0.00231	0.00444	0.00339	0.00365	0.00303	0.00339	0.00224	0.00331	0.00234	0.00318	0.00286	0.00307	0.00326	0.00210	0.00619	0.00322	0.00283	0.00257	0.00376	0.00338	0.00321	0.00307	0.00258	0.00304	0.00344	0.00395	0.00261	0.00230	0.00258	0.00266	0.00267	0.00309	0.00279	0.00387	0.00260	0.00346	0.00331	0.00432	0.00312	0.00287	0.00291	0.00309	0.00286	0.00293	0.00310	0.00316	0.00324	0.00306
L-tryptophan	0.01580	0.00874	0.00890	0.00537	0.00503	0.00737	0.00514	0.00652	0.00628	0.00873	0.00852	0.00435	0.00964	0.00435	0.01007	0.00584	0.01193	0.01308	0.00625	0.00892	0.00777	0.01635	0.00530	0.00794	0.00913	0.00535	0.00623	0.00513	0.00497	0.00908	0.00861	0.01127	0.00860	0.00518	0.01292	0.00804	0.01013	0.00424	0.00609	0.00843	0.01205	0.00836	0.00270	0.00548	0.00499	0.01394	0.00611	0.00693	0.01058	0.00908	0.00983	0.01111	0.01114	0.01049	0.01201	0.01168	0.01174	0.00965
cholesterol	0.05575	0.04450	0.04130	0.04099	0.04059	0.03225	0.03451	0.05378	0.05385	0.04723	0.05466	0.05462	0.04137	0.06305	0.03342	0.05015	0.04689	0.02785	0.03614	0.03344	0.05896	0.05089	0.03014	0.03302	0.05087	0.03454	0.03877	0.07152	0.06840	0.03540	0.04202	0.03641	0.04269	0.04092	0.03991	0.04810	0.04840	0.04707	0.04492	0.04347	0.05167	0.04714	0.05153	0.03043	0.04010	0.04296	0.04062	0.04975	0.04214	0.03268	0.03275	0.03239	0.03101	0.03067	0.03511	0.04120	0.03462	0.03608
L-serine	0.01299	0.01646	0.00639	0.01411	0.02277	0.01046	0.00639	0.00632	0.01148	0.01101	0.01219	0.01184	0.01716	0.01049	0.02965	0.00857	0.01756	0.01547	0.00643	0.00825	0.00923	0.01583	0.01474	0.01039	0.02034	0.01545	0.00529	0.01243	0.00729	0.02584	0.01196	0.02084	0.01350	0.00846	0.01743	0.01383	0.02816	0.00900	0.00854	0.00740	0.01028	0.00529	0.00452	0.00848	0.00748	0.01416	0.01087	0.00666	0.01878	0.01125	0.01239	0.01304	0.01234	0.01254	0.01435	0.01530	0.01519	0.01281
glyceric acid	0.00096	0.00096	0.00043	0.00150	0.00107	0.00046	0.00192	0.00115	0.00081	0.00097	0.00109	0.00143	0.00119	0.00075	0.00181	0.00119	0.00101	0.00114	0.00125	0.00074	0.00089	0.00090	0.00190	0.00111	0.00112	0.00177	0.00127	0.00086	0.00155	0.00087	0.00058	0.00102	0.00125	0.00124	0.00090	0.00091	0.00131	0.00115	0.00085	0.00080	0.00107	0.00126	0.00151	0.00101	0.00122	0.00116	0.00137	0.00132	0.00140	0.00083	0.00078	0.00071	0.00076	0.00076	0.00088	0.00096	0.00094	0.00087
C Methyl Docosanoate	0.00103	0.00057	0.00067	0.00088	0.00100	0.00086	0.00083	0.00112	0.00118	0.00111	0.00099	0.00109	0.00112	0.00084	0.00079	0.00091	0.00073	0.00087	0.00095	0.00101	0.00097	0.00090	0.00077	0.00081	0.00105	0.00088	0.00086	0.00096	0.00084	0.00083	0.00063	0.00136	0.00073	0.00085	0.00100	0.00094	0.00083	0.00078	0.00096	0.00091	0.00112	0.00098	0.00085	0.00095	0.00080	0.00098	0.00080	0.00068	0.00098	0.00057	0.00060	0.00058	0.00074	0.00068	0.00101	0.00089	0.00078	0.00079
benzoic acid	0.00233	0.00168	0.00207	0.00243	0.00190	0.00170	0.00232	0.00202	0.00233	0.00238	0.00286	0.00204	0.00279	0.00258	0.00228	0.00188	0.00171	0.00219	0.00202	0.00225	0.00239	0.00255	0.00261	0.00176	0.00226	0.00257	0.00196	0.00226	0.00259	0.00233	0.00169	0.00230	0.00256	0.00262	0.00261	0.00194	0.00239	0.00219	0.00230	0.00236	0.00228	0.00256	0.00268	0.00240	0.00172	0.00178	0.00168	0.00195	0.00186	0.00174	0.00190	0.00179	0.00168	0.00176	0.00189	0.00183	0.00190	0.00193
methylmalonic acid	0.00653	0.00774	0.00831	0.00682	0.00691	0.00526	0.00726	0.00737	0.00519	0.00469	0.00523	0.00718	0.00640	0.00616	0.00723	0.00487	0.00566	0.00727	0.00577	0.00767	0.00712	0.00798	0.00713	0.00470	0.00499	0.00789	0.00564	0.00718	0.00537	0.00739	0.00720	0.00761	0.00748	0.00773	0.00757	0.00692	0.00747	0.00701	0.00421	0.00367	0.00485	0.00390	0.00244	0.00410	0.00400	0.00783	0.00614	0.00717	0.00791	0.00772	0.00696	0.00822	0.00703	0.00715	0.00757	0.00751	0.00794	0.00752
2-Monostearin trimethylsilyl ether	0.00822	0.00381	0.00738	0.00773	0.00689	0.00455	0.00675	0.00643	0.00673	0.00693	0.00778	0.01022	0.00669	0.00726	0.00494	0.00764	0.00717	0.00344	0.00685	0.00663	0.00770	0.00514	0.00884	0.00598	0.00703	0.01209	0.00868	0.00738	0.00834	0.00516	0.00552	0.00631	0.00695	0.00606	0.00419	0.00685	0.00676	0.00923	0.00738	0.00760	0.00780	0.00476	0.00783	0.00401	0.00828	0.00546	0.00628	0.00725	0.00581	0.00297	0.00340	0.00335	0.00353	0.00366	0.00491	0.00509	0.00513	0.00422
lauric acid	0.00224	0.00122	0.00188	0.00188	0.00159	0.00150	0.00215	0.00138	0.00177	0.00174	0.00215	0.00226	0.00225	0.00217	0.00169	0.00144	0.00189	0.00158	0.00153	0.00187	0.00204	0.00171	0.00163	0.00203	0.00205	0.00213	0.00143	0.00169	0.00307	0.00261	0.00121	0.00167	0.00153	0.00208	0.00153	0.00164	0.00202	0.00171	0.00195	0.00178	0.00170	0.00144	0.00196	0.00158	0.00178	0.00177	0.00136	0.00165	0.00169	0.00108	0.00112	0.00139	0.00115	0.00122	0.00154	0.00152	0.00147	0.00141
3-indoleacetic acid	0.00023	0.00029	0.00107	0.00024	0.00038	0.00094	0.00068	0.00015	0.00016	0.00022	0.00026	0.00033	0.00448	0.00147	0.00204	0.00043	0.00030	0.00020	0.00561	0.00024	0.00031	0.00107	0.00553	0.00039	0.00065	0.00040	0.00054	0.00029	0.00080	0.00044	0.00059	0.00068	0.00041	0.00037	0.00025	0.00027	0.00048	0.00052	0.00081	0.00064	0.00044	0.00044	0.00041	0.00028	0.00019	0.00014	0.00034	0.00043	0.00052	0.00543	0.00474	0.00502	0.00505	0.00510	0.00562	0.00561	0.00549	0.00535
arabitol	0.00076	0.00039	0.00041	0.00079	0.00064	0.00064	0.00126	0.00069	0.00047	0.00055	0.00064	0.00068	0.00094	0.00069	0.00155	0.00068	0.00051	0.00063	0.00074	0.00054	0.00093	0.00080	0.00171	0.00117	0.00089	0.00068	0.00069	0.00067	0.00098	0.00075	0.00065	0.00085	0.00072	0.00085	0.00051	0.00099	0.00074	0.00077	0.00113	0.00113	0.00061	0.00063	0.00075	0.00063	0.00063	0.00033	0.00061	0.00068	0.00075	0.00061	0.00071	0.00074	0.00074	0.00068	0.00086	0.00084	0.00093	0.00084
xylitol	0.00076	0.00039	0.00041	0.00079	0.00064	0.00064	0.00126	0.00069	0.00047	0.00055	0.00064	0.00068	0.00094	0.00069	0.00155	0.00068	0.00051	0.00063	0.00074	0.00054	0.00093	0.00080	0.00171	0.00117	0.00089	0.00068	0.00069	0.00067	0.00098	0.00075	0.00065	0.00085	0.00072	0.00085	0.00051	0.00099	0.00074	0.00077	0.00113	0.00113	0.00061	0.00063	0.00075	0.00063	0.00063	0.00033	0.00061	0.00068	0.00075	0.00061	0.00071	0.00074	0.00074	0.00068	0.00086	0.00084	0.00093	0.00084
2-Ketobutyric acid	0.00026	0.00024	0.00035	0.00037	0.00031	0.00031	0.00043	0.00041	0.00057	0.00058	0.00048	0.00054	0.00045	0.00036	0.00044	0.00056	0.00048	0.00046	0.00056	0.00043	0.00044	0.00042	0.00036	0.00047	0.00028	0.00029	0.00029	0.00037	0.00065	0.00052	0.00053	0.00048	0.00072	0.00053	0.00062	0.00031	0.00048	0.00038	0.00033	0.00032	0.00061	0.00048	0.00049	0.00033	0.00054	0.00039	0.00026	0.00028	0.00041	0.00040	0.00059	0.00051	0.00049	0.00048	0.00042	0.00046	0.00048	0.00050
2-Palmitoylglycerol	0.01661	0.00965	0.01622	0.01573	0.01408	0.01019	0.01352	0.01146	0.01269	0.01309	0.01317	0.01619	0.01249	0.01399	0.00999	0.01623	0.01405	0.00795	0.01352	0.01476	0.01446	0.01055	0.01664	0.01354	0.01461	0.02142	0.01753	0.01384	0.01423	0.00969	0.01215	0.01156	0.01380	0.01297	0.00925	0.01438	0.01385	0.01879	0.01447	0.01457	0.01614	0.00999	0.01396	0.00737	0.01460	0.01263	0.01227	0.01492	0.01166	0.00727	0.00761	0.00771	0.00773	0.00798	0.00916	0.00967	0.00930	0.00883
oxalic acid	0.44013	0.69048	0.21449	0.55377	0.41051	0.44683	0.29161	0.50088	0.35878	0.32122	0.44391	0.29408	0.57909	0.44831	0.46138	0.35037	0.53920	0.60375	0.37607	0.54649	0.44886	0.47637	0.49170	0.46675	0.54571	0.39885	0.42678	0.35352	0.36926	0.47057	0.47174	0.39718	0.44146	0.33696	0.39370	0.76830	0.45056	0.34412	0.46218	0.46690	0.40550	0.51202	0.50681	0.26668	0.27495	0.55404	0.55357	0.50890	0.64645	0.44642	0.44875	0.46480	0.44312	0.45048	0.46281	0.46349	0.46560	0.46313
2-ketoisocaproic acid _R2	0.00042	0.00017	0.00034	0.00033	0.00045	0.00017	0.00024	0.00053	0.00027	0.00020	0.00044	0.00055	0.00086	0.00032	0.00033	0.00048	0.00045	0.00024	0.00045	0.00047	0.00038	0.00028	0.00033	0.00034	0.00059	0.00041	0.00050	0.00014	0.00027	0.00013	0.00028	0.00031	0.00048	0.00037	0.00050	0.00068	0.00057	0.00073	0.00033	0.00039	0.00055	0.00027	0.00030	0.00029	0.00054	0.00036	0.00018	0.00023	0.00039	0.00036	0.00035	0.00036	0.00034	0.00033	0.00037	0.00041	0.00045	0.00036
DL-p-hydroxyphenyllactic acid 	0.00516	0.00435	0.00220	0.00189	0.00221	0.00339	0.00131	0.00179	0.00297	0.00344	0.00473	0.00158	0.00464	0.00140	0.00410	0.00168	0.00404	0.00379	0.00223	0.00207	0.00258	0.00536	0.00365	0.00326	0.00243	0.00174	0.00316	0.00178	0.00189	0.00414	0.00304	0.00402	0.00306	0.00167	0.00278	0.00253	0.00289	0.00151	0.00346	0.00986	0.00888	0.00042	0.00669	0.00160	0.00150	0.01074	0.00213	0.00396	0.00518	0.00231	0.00381	0.00408	0.00385	0.00312	0.00363	0.00376	0.00379	0.00283
glucoheptonic acid	0.00510	0.00461	0.00232	0.00504	0.00477	0.00411	0.00746	0.00416	0.00394	0.00346	0.00373	0.00358	0.00519	0.00248	0.00721	0.00658	0.00517	0.00595	0.00550	0.00334	0.00514	0.00517	0.00887	0.00429	0.00589	0.00454	0.00417	0.00405	0.00525	0.00397	0.00484	0.00567	0.00612	0.00506	0.00447	0.00591	0.00458	0.00460	0.00595	0.00608	0.00536	0.00470	0.00499	0.00486	0.00358	0.00306	0.00401	0.00421	0.00483	0.00423	0.00435	0.00450	0.00422	0.00433	0.00466	0.00458	0.00442	0.00444
caprylic acid	0.00030	0.00015	0.00026	0.00031	0.00026	0.00032	0.00026	0.00023	0.00028	0.00031	0.00047	0.00023	0.00041	0.00039	0.00026	0.00022	0.00024	0.00029	0.00025	0.00028	0.00037	0.00033	0.00012	0.00026	0.00030	0.00033	0.00015	0.00027	0.00049	0.00044	0.00015	0.00025	0.00031	0.00031	0.00029	0.00017	0.00032	0.00017	0.00034	0.00039	0.00037	0.00034	0.00035	0.00034	0.00020	0.00026	0.00015	0.00015	0.00018	0.00017	0.00016	0.00010	0.00011	0.00013	0.00017	0.00017	0.00019	0.00019
L-ornithine	0.00038	0.00039	0.00007	0.00072	0.00083	0.00039	0.00052	0.00021	0.00039	0.00020	0.00013	0.00038	0.00062	0.00020	0.00115	0.00028	0.00060	0.00060	0.00040	0.00016	0.00050	0.00057	0.00070	0.00048	0.00104	0.00065	0.00047	0.00031	0.00033	0.00077	0.00041	0.00071	0.00092	0.00055	0.00014	0.00044	0.00083	0.00040	0.00028	0.00006	0.00020	0.00007	0.00005	0.00066	0.00032	0.00036	0.00043	0.00031	0.00082	0.00015	0.00020	0.00020	0.00019	0.00011	0.00023	0.00021	0.00021	0.00010
L-(+) lactic acid	0.68306	0.69166	0.77150	0.69144	1.06003	0.62747	0.63020	0.35091	0.38465	0.22228	0.57810	0.44680	0.46678	0.41132	0.44193	0.50900	0.44988	0.35664	0.63443	0.31127	0.23982	0.80662	1.09673	0.78021	0.94645	1.06911	0.73935	0.26666	0.34861	0.26761	0.50482	0.48503	0.43517	0.44807	0.43208	0.42802	0.59641	0.74755	0.43664	0.43064	0.66363	0.49492	0.50082	0.41069	0.52134	0.55995	0.52379	0.78549	0.93601	0.52406	0.52137	0.54361	0.51748	0.52451	0.53733	0.54106	0.54199	0.54545

metabolite_name	retention index	quantified m/z	PubChem ID	KEGG ID
palmitoleic acid	18.576725	311.3000
pipecolic acid	11.1944	156.1000
oleic acid	20.345898	339.3000
2-hydroxybutyric acid	7.7875824	131.1000
linoleic acid	20.304	75.1000
palmitic acid	18.757418	313.3000
trans-4-hydroxy-L-proline	13.306333	230.2000
acetoacetate	7.518	89.1000
2-ketoisocaproic acid _R1	8.444	188.1000
DL-glyceraldehyde	9.105	133.1000
Aminomalonic acid	12.5986	218.1000
pyruvic acid	6.587	174.1000
Arachidonic acid	21.684444	91.1000
L-valine	7.146	72.1000
DL-isoleucine	8.48	86.1000
malonic acid	8.91	147.1000
L-alanine	7.4131	116.2000
(R)-3-Hydroxybutyric acid	8.3501	147.1000
myristic acid	16.79697	117.1000
L-glutamic acid	14.39	246.2000
glycerol	9.9594	205.1000
1-Monomyristin	21.932953	343.3000
fumaric acid	10.871483	245.2000
Glycine, N-(trimethylsilyl)-, trimethylsilyl ester	7.643	102.1000
N-methylalanine	8.4496	130.2000
urea	9.412848	147.1000
L-proline	8.462	70.1000
1-Monopalmitin trimethylsilyl ether	23.4613	371.3000
L-leucine	8.165	86.1000
stearic acid	20.559748	341.0000
2-Hydroxyvaleric acid	8.354334	145.1000
tyrosine	17.887936	218.1000
iminodiacetic acid 	12.4376	160.1000
glycine	10.4096	174.1000
L-methionine	13.184386	176.1000
Cetohexoses	10.3423	134.545
alpha tocophereol	27.428198	502.5000
C Methyl Eicosanoate	21.280508	74.1000
glycolic acid	6.9870934	147.1000
Bis(trimethylsilyl)monostearin	24.889301	399.4000
Purine riboside	21.578	217.1000
L-threonine	10.22	117.1000
Aldohexoses	12.5432	165.345
Creatinine	13.691222	115.1000
threose	12.4385	205.2000
gluconic acid lactone	17.31	217.1000
citric acid	16.707333	273.1000
p-cresol	8.1101	165.1000
N-acetyl-D-tryptophan	19.261	202.1000
aspartic acid	11.774	160.1000
Pyroglutamic acid	13.227168	156.1000
ribose	15.036	103.1000
D-threitol	13.1392	217.1000
Phenylalanine	13.5005	120.1000
phosphoric acid	9.972053	299.1000
sarcosine	7.8234	218.2000
L-tryptophan	20.435	202.1000
cholesterol	27.598877	329.4000
L-serine	9.682	132.1000
glyceric acid	10.7526	189.1000
C Methyl Docosanoate	22.918428	74.1000
benzoic acid	9.499	179.1000
methylmalonic acid	9.04	147.1000
2-Monostearin trimethylsilyl ether	24.6293	218.1000
lauric acid	14.652862	257.2000
3-indoleacetic acid	17.977	319.2000
arabitol	15.698	217.1000
xylitol	15.706668	217.1000
2-Ketobutyric acid	7.415	188.1000
2-Palmitoylglycerol	23.195	218.1000
oxalic acid	7.983	147.1000
2-ketoisocaproic acid _R2	8.8668	200.1000
DL-p-hydroxyphenyllactic acid 	17.31	179.1000
glucoheptonic acid	19.54	217.1000
caprylic acid	9.698	201.2000
L-ornithine	16.642	142.1000
L-(+) lactic acid	6.7719	147.1000
