# M6BDE47

"4" "8" "12" "16" "4" "8" "12" "16"
"soybean solution" 146269 64863 9430 971 5389 5040 543 286
"soybean roots" 27739 99697 147152 158463 616 2973 2115 1935
"soybean stems" 6641 17126 21747 22928 1210 903 915 492
"soybean leaves" 684 931 1780 1806 53 8 25 56
"wheat solution" 140488 49313 9562 588 5582 5874 623 138
"wheat roots" 34401 114994 148144 159812 5113 6997 5396 2583
"wheat stems" 3438 19182 24357 23346 784 1012 1024 2424
"wheat leaves" 566 1042 1994 2023 147 9 28 63
"Unplanted wheat solution" 191250 190382 189782 183956 4041 744 910 3296
