"4" "8" "12" "16" "4" "8" "12" "16"
"soybean solution" 142652 72433 391 117 2696 3188 50 12
"soybean roots" 40261 102347 169013 169617 1107 1265 1391 1596
"soybean stems" 1213 7031 11002 12842 100 383 660 601
"soybean leaves" 150 312 472 501 18 28 31 22
"wheat solution" 145599 72530 397 280 4103 4453 60 55
"wheat roots" 36555 106834 172790 171560 3500 5864 1380 808
"wheat stems" 1110 6076 10644 12408 116 253 821 317
"wheat leaves" 100 252 375 333 34 50 60 15
"Unplanted wheat solution" 184726 185769 183546 184560 542 671 1011 1987
